grass/20|0|0|0|0|0|0|0|0|0|0|0|0|0|0|0|0|0|0|0|0|0|0|0|0|0|0|0|0|0|0|0|0|0|0|0|0|0|0|0|0|0|grass/19
grass/24|0|0|0|0|0|0|0|0|0|0|0|0|0|0|0|0|0|0|0|0|0|0|0|0|0|0|0|0|0|0|0|0|0|0|0|0|0|0|0|0|0|grass/23
grass/24|0|0|0|0|0|0|0|0|0|0|0|0|0|0|0|0|0|0|0|0|0|0|0|0|0|0|0|0|0|0|0|0|0|0|0|0|0|0|0|0|0|grass/23
grass/24|0|0|0|0|0|0|0|0|0|0|0|0|0|0|0|0|0|0|0|0|0|0|0|0|0|0|0|0|0|0|0|0|0|0|0|0|0|0|0|0|0|grass/23
grass/24|0|0|0|0|0|0|0|0|0|0|0|0|0|0|0|0|0|0|0|0|0|0|0|0|0|0|0|0|0|0|0|obj/1|0|0|pnj/4|0|0|0|0|pnj/4|0|grass/23
grass/24|0|0|0|0|0|0|0|0|0|0|0|0|0|0|0|0|0|0|0|0|0|0|0|0|0|0|0|0|0|obj/1|0|grass/1/half|0|0|grass/14|grass/7|grass/7|grass/7|grass/7|grass/15|0|grass/23
grass/24|0|0|0|0|0|0|0|0|0|0|0|0|0|0|0|0|0|0|0|0|0|0|0|0|0|0|0|pnj/4|0|grass/1/half|0|0|0|0|0|0|0|0|0|0|0|grass/23
grass/24|0|0|0|0|0|0|0|0|0|0|0|0|0|0|0|0|0|0|0|0|0|0|0|0|0|obj/1|0|grass/1/half|0|0|0|0|0|0|0|0|0|0|0|0|0|grass/23
0|0|0|0|0|0|0|0|0|0|0|0|0|0|0|0|0|0|0|0|0|0|0|0|pnj/4|0|grass/1/half|0|0|0|0|0|0|0|0|0|0|0|0|0|0|0|grass/23
0|0|0|0|0|0|0|0|0|0|0|0|0|0|0|0|0|0|0|0|0|0|obj/1|0|grass/1/half|0|0|0|0|0|0|0|0|0|0|0|0|0|0|0|0|0|grass/23
0|0|0|0|0|0|0|0|0|0|obj/1|0|obj/1|0|obj/1|0|obj/1|0|obj/1|0|obj/1|0|grass/1/half|0|0|0|0|0|0|0|0|0|0|0|0|0|0|0|0|0|0|0|grass/23
0|0|0|0|0|0|0|0|0|0|grass/1/half|0|grass/1/half|0|grass/1/half|0|grass/1/half|0|grass/1/half|0|grass/1/half|0|0|0|0|0|0|0|0|0|0|0|0|0|0|0|0|0|0|0|0|0|grass/23
0|0|0|0|0|0|0|0|pnj/1|0|0|pnj/2|0|0|0|0|0|pnj/3|0|0|0|obj/3|0|0|0|0|0|0|obj/2|0|0|0|0|0|obj/2|0|0|0|0|0|0|obj/3|grass/23
0|0|0|0|0|0|grass/7|grass/7|grass/7|grass/7|grass/7|grass/7|grass/7|grass/7|grass/7|grass/7|grass/7|grass/7|grass/7|grass/7|grass/7|grass/7|grass/7|grass/7|grass/7|grass/7|grass/7|grass/7|grass/7|grass/7|grass/7|grass/7|grass/7|grass/7|grass/7|grass/7|grass/7|grass/7|grass/7|grass/7|grass/7|grass/7|grass/18