grass/20|0|0|0|0|0|0|0|0|0|0|0|0|0|0|0|0|0|0|0|0|0|0|0|0|0|0|0|0|0|0|0|0|0|0|0|0|0|0|0|0|0|grass/19
grass/24|0|0|0|0|0|0|0|0|0|0|0|0|0|0|0|0|0|0|0|0|0|0|0|0|0|0|0|0|0|0|0|0|0|0|0|0|0|obj/1|0|0|0|grass/23
grass/24|0|0|0|0|0|0|0|0|0|0|0|0|0|0|0|0|0|0|0|0|0|0|0|0|0|0|0|0|0|0|0|0|0|0|0|obj/1|0|grass/1/half|0|0|0|grass/23
grass/24|0|0|0|0|0|0|0|0|0|0|0|0|0|0|0|0|0|0|0|0|0|0|0|0|0|0|0|0|0|0|0|0|0|obj/1|0|grass/1/half|0|0|0|0|0|grass/23
grass/24|0|0|0|0|0|0|0|0|0|0|0|0|0|0|0|0|0|0|0|0|0|0|0|0|0|0|0|0|0|0|0|obj/1|0|grass/1/half|0|0|0|0|0|0|0|grass/23
grass/24|0|0|0|0|0|0|0|0|0|0|0|0|0|0|0|0|0|0|0|0|0|0|0|0|0|0|0|0|0|obj/1|0|grass/1/half|0|0|0|0|0|0|0|0|0|grass/23
grass/24|0|0|0|0|0|0|0|0|0|0|0|0|0|0|0|0|0|0|0|0|0|0|0|0|0|0|0|obj/1|0|grass/1/half|0|0|0|0|0|0|0|0|0|0|0|grass/23
grass/24|0|0|0|0|0|0|0|0|0|0|0|0|0|0|0|0|0|0|0|0|0|0|0|0|0|obj/1|0|grass/1/half|0|0|0|0|0|0|0|0|0|0|0|0|0|grass/23
grass/24|0|0|0|0|0|0|0|0|0|0|0|0|0|0|0|0|0|0|0|0|0|0|0|obj/1|0|grass/1/half|0|0|0|0|0|0|0|0|0|0|0|0|0|0|0|grass/23
grass/24|0|0|0|0|0|0|0|0|0|0|0|0|0|0|0|0|0|0|0|0|0|obj/1|0|grass/1/half|0|0|0|0|0|0|0|0|0|0|0|0|0|0|0|0|0|grass/23
grass/24|0|0|0|0|0|0|0|0|0|obj/1|0|obj/1|0|obj/1|0|obj/1|0|obj/1|0|obj/1|0|grass/1/half|0|0|0|0|0|0|0|0|0|0|0|0|0|0|0|0|0|0|0|grass/23
grass/24|0|0|0|0|0|0|0|0|0|grass/1/half|0|grass/1/half|0|grass/1/half|0|grass/1/half|0|grass/1/half|0|grass/1/half|0|0|0|0|0|0|0|0|0|0|0|0|0|0|0|0|0|0|0|0|0|grass/23
grass/24|0|0|0|0|0|0|0|0|0|0|0|0|0|0|0|0|0|0|0|0|obj/3|0|0|0|0|0|0|obj/2|0|obj/4|0|0|0|obj/2|0|0|0|0|0|0|obj/3|grass/23
grass/17|grass/7|grass/7|grass/7|grass/7|grass/7|grass/7|grass/7|grass/7|grass/7|grass/7|grass/7|grass/7|grass/7|grass/7|grass/7|grass/7|grass/7|grass/7|grass/7|grass/7|grass/7|grass/7|grass/7|grass/7|grass/7|grass/7|grass/7|grass/7|grass/7|grass/7|grass/7|grass/7|grass/7|grass/7|grass/7|grass/7|grass/7|grass/7|grass/7|grass/7|grass/7|grass/18